{
 "cells": [
  {
   "cell_type": "code",
   "execution_count": 3,
   "metadata": {},
   "outputs": [],
   "source": [
    "#Importing required libraries\n",
    "from sklearn.datasets import load_breast_cancer\n",
    "import pandas as pd\n",
    "import numpy as np\n",
    "from sklearn.model_selection import KFold \n",
    "from sklearn.linear_model import LogisticRegression\n",
    "from sklearn.metrics import accuracy_score, jaccard_score"
   ]
  },
  {
   "cell_type": "code",
   "execution_count": 4,
   "metadata": {},
   "outputs": [],
   "source": [
    "df = pd.read_csv('heart.csv')"
   ]
  },
  {
   "cell_type": "code",
   "execution_count": 4,
   "metadata": {},
   "outputs": [
    {
     "data": {
      "text/html": [
       "<div>\n",
       "<style scoped>\n",
       "    .dataframe tbody tr th:only-of-type {\n",
       "        vertical-align: middle;\n",
       "    }\n",
       "\n",
       "    .dataframe tbody tr th {\n",
       "        vertical-align: top;\n",
       "    }\n",
       "\n",
       "    .dataframe thead th {\n",
       "        text-align: right;\n",
       "    }\n",
       "</style>\n",
       "<table border=\"1\" class=\"dataframe\">\n",
       "  <thead>\n",
       "    <tr style=\"text-align: right;\">\n",
       "      <th></th>\n",
       "      <th>age</th>\n",
       "      <th>sex</th>\n",
       "      <th>cp</th>\n",
       "      <th>trestbps</th>\n",
       "      <th>chol</th>\n",
       "      <th>fbs</th>\n",
       "      <th>restecg</th>\n",
       "      <th>thalach</th>\n",
       "      <th>exang</th>\n",
       "      <th>oldpeak</th>\n",
       "      <th>slope</th>\n",
       "      <th>ca</th>\n",
       "      <th>thal</th>\n",
       "      <th>target</th>\n",
       "    </tr>\n",
       "  </thead>\n",
       "  <tbody>\n",
       "    <tr>\n",
       "      <th>0</th>\n",
       "      <td>52</td>\n",
       "      <td>1</td>\n",
       "      <td>0</td>\n",
       "      <td>125</td>\n",
       "      <td>212</td>\n",
       "      <td>0</td>\n",
       "      <td>1</td>\n",
       "      <td>168</td>\n",
       "      <td>0</td>\n",
       "      <td>1.0</td>\n",
       "      <td>2</td>\n",
       "      <td>2</td>\n",
       "      <td>3</td>\n",
       "      <td>0</td>\n",
       "    </tr>\n",
       "    <tr>\n",
       "      <th>1</th>\n",
       "      <td>53</td>\n",
       "      <td>1</td>\n",
       "      <td>0</td>\n",
       "      <td>140</td>\n",
       "      <td>203</td>\n",
       "      <td>1</td>\n",
       "      <td>0</td>\n",
       "      <td>155</td>\n",
       "      <td>1</td>\n",
       "      <td>3.1</td>\n",
       "      <td>0</td>\n",
       "      <td>0</td>\n",
       "      <td>3</td>\n",
       "      <td>0</td>\n",
       "    </tr>\n",
       "    <tr>\n",
       "      <th>2</th>\n",
       "      <td>70</td>\n",
       "      <td>1</td>\n",
       "      <td>0</td>\n",
       "      <td>145</td>\n",
       "      <td>174</td>\n",
       "      <td>0</td>\n",
       "      <td>1</td>\n",
       "      <td>125</td>\n",
       "      <td>1</td>\n",
       "      <td>2.6</td>\n",
       "      <td>0</td>\n",
       "      <td>0</td>\n",
       "      <td>3</td>\n",
       "      <td>0</td>\n",
       "    </tr>\n",
       "    <tr>\n",
       "      <th>3</th>\n",
       "      <td>61</td>\n",
       "      <td>1</td>\n",
       "      <td>0</td>\n",
       "      <td>148</td>\n",
       "      <td>203</td>\n",
       "      <td>0</td>\n",
       "      <td>1</td>\n",
       "      <td>161</td>\n",
       "      <td>0</td>\n",
       "      <td>0.0</td>\n",
       "      <td>2</td>\n",
       "      <td>1</td>\n",
       "      <td>3</td>\n",
       "      <td>0</td>\n",
       "    </tr>\n",
       "    <tr>\n",
       "      <th>4</th>\n",
       "      <td>62</td>\n",
       "      <td>0</td>\n",
       "      <td>0</td>\n",
       "      <td>138</td>\n",
       "      <td>294</td>\n",
       "      <td>1</td>\n",
       "      <td>1</td>\n",
       "      <td>106</td>\n",
       "      <td>0</td>\n",
       "      <td>1.9</td>\n",
       "      <td>1</td>\n",
       "      <td>3</td>\n",
       "      <td>2</td>\n",
       "      <td>0</td>\n",
       "    </tr>\n",
       "    <tr>\n",
       "      <th>...</th>\n",
       "      <td>...</td>\n",
       "      <td>...</td>\n",
       "      <td>...</td>\n",
       "      <td>...</td>\n",
       "      <td>...</td>\n",
       "      <td>...</td>\n",
       "      <td>...</td>\n",
       "      <td>...</td>\n",
       "      <td>...</td>\n",
       "      <td>...</td>\n",
       "      <td>...</td>\n",
       "      <td>...</td>\n",
       "      <td>...</td>\n",
       "      <td>...</td>\n",
       "    </tr>\n",
       "    <tr>\n",
       "      <th>1020</th>\n",
       "      <td>59</td>\n",
       "      <td>1</td>\n",
       "      <td>1</td>\n",
       "      <td>140</td>\n",
       "      <td>221</td>\n",
       "      <td>0</td>\n",
       "      <td>1</td>\n",
       "      <td>164</td>\n",
       "      <td>1</td>\n",
       "      <td>0.0</td>\n",
       "      <td>2</td>\n",
       "      <td>0</td>\n",
       "      <td>2</td>\n",
       "      <td>1</td>\n",
       "    </tr>\n",
       "    <tr>\n",
       "      <th>1021</th>\n",
       "      <td>60</td>\n",
       "      <td>1</td>\n",
       "      <td>0</td>\n",
       "      <td>125</td>\n",
       "      <td>258</td>\n",
       "      <td>0</td>\n",
       "      <td>0</td>\n",
       "      <td>141</td>\n",
       "      <td>1</td>\n",
       "      <td>2.8</td>\n",
       "      <td>1</td>\n",
       "      <td>1</td>\n",
       "      <td>3</td>\n",
       "      <td>0</td>\n",
       "    </tr>\n",
       "    <tr>\n",
       "      <th>1022</th>\n",
       "      <td>47</td>\n",
       "      <td>1</td>\n",
       "      <td>0</td>\n",
       "      <td>110</td>\n",
       "      <td>275</td>\n",
       "      <td>0</td>\n",
       "      <td>0</td>\n",
       "      <td>118</td>\n",
       "      <td>1</td>\n",
       "      <td>1.0</td>\n",
       "      <td>1</td>\n",
       "      <td>1</td>\n",
       "      <td>2</td>\n",
       "      <td>0</td>\n",
       "    </tr>\n",
       "    <tr>\n",
       "      <th>1023</th>\n",
       "      <td>50</td>\n",
       "      <td>0</td>\n",
       "      <td>0</td>\n",
       "      <td>110</td>\n",
       "      <td>254</td>\n",
       "      <td>0</td>\n",
       "      <td>0</td>\n",
       "      <td>159</td>\n",
       "      <td>0</td>\n",
       "      <td>0.0</td>\n",
       "      <td>2</td>\n",
       "      <td>0</td>\n",
       "      <td>2</td>\n",
       "      <td>1</td>\n",
       "    </tr>\n",
       "    <tr>\n",
       "      <th>1024</th>\n",
       "      <td>54</td>\n",
       "      <td>1</td>\n",
       "      <td>0</td>\n",
       "      <td>120</td>\n",
       "      <td>188</td>\n",
       "      <td>0</td>\n",
       "      <td>1</td>\n",
       "      <td>113</td>\n",
       "      <td>0</td>\n",
       "      <td>1.4</td>\n",
       "      <td>1</td>\n",
       "      <td>1</td>\n",
       "      <td>3</td>\n",
       "      <td>0</td>\n",
       "    </tr>\n",
       "  </tbody>\n",
       "</table>\n",
       "<p>1025 rows × 14 columns</p>\n",
       "</div>"
      ],
      "text/plain": [
       "      age  sex  cp  trestbps  chol  fbs  restecg  thalach  exang  oldpeak  \\\n",
       "0      52    1   0       125   212    0        1      168      0      1.0   \n",
       "1      53    1   0       140   203    1        0      155      1      3.1   \n",
       "2      70    1   0       145   174    0        1      125      1      2.6   \n",
       "3      61    1   0       148   203    0        1      161      0      0.0   \n",
       "4      62    0   0       138   294    1        1      106      0      1.9   \n",
       "...   ...  ...  ..       ...   ...  ...      ...      ...    ...      ...   \n",
       "1020   59    1   1       140   221    0        1      164      1      0.0   \n",
       "1021   60    1   0       125   258    0        0      141      1      2.8   \n",
       "1022   47    1   0       110   275    0        0      118      1      1.0   \n",
       "1023   50    0   0       110   254    0        0      159      0      0.0   \n",
       "1024   54    1   0       120   188    0        1      113      0      1.4   \n",
       "\n",
       "      slope  ca  thal  target  \n",
       "0         2   2     3       0  \n",
       "1         0   0     3       0  \n",
       "2         0   0     3       0  \n",
       "3         2   1     3       0  \n",
       "4         1   3     2       0  \n",
       "...     ...  ..   ...     ...  \n",
       "1020      2   0     2       1  \n",
       "1021      1   1     3       0  \n",
       "1022      1   1     2       0  \n",
       "1023      2   0     2       1  \n",
       "1024      1   1     3       0  \n",
       "\n",
       "[1025 rows x 14 columns]"
      ]
     },
     "execution_count": 4,
     "metadata": {},
     "output_type": "execute_result"
    }
   ],
   "source": [
    "df"
   ]
  },
  {
   "cell_type": "markdown",
   "metadata": {},
   "source": [
    "The columns represent:\n",
    "1) Age\n",
    "2) Sex\n",
    "3) Chest Pain Type (4 values)\n",
    "4) Resting Blood Pressure\n",
    "5) Serum Cholestoral in mg/dl\n",
    "6) Fasting blood sugar > 120 mg/dl\n",
    "7) Resting electrocardiagraphic results (values 0,1,2)\n",
    "8) maximum heart rate achieved\n",
    "9) Exercise induced angina\n",
    "10) oldpeak: ST depression induced by exercise relative to rest\n",
    "11) The slope of the peak exercise ST segment\n",
    "12) number of major vessels (0-3) colored by flourosopy\n",
    "13) thal: 0 = normal; 1 = fixed defect; 2 = reversable defect"
   ]
  },
  {
   "cell_type": "markdown",
   "metadata": {},
   "source": [
    "# Determine Correlation between predictor and response"
   ]
  },
  {
   "cell_type": "code",
   "execution_count": 5,
   "metadata": {},
   "outputs": [
    {
     "data": {
      "text/html": [
       "<div>\n",
       "<style scoped>\n",
       "    .dataframe tbody tr th:only-of-type {\n",
       "        vertical-align: middle;\n",
       "    }\n",
       "\n",
       "    .dataframe tbody tr th {\n",
       "        vertical-align: top;\n",
       "    }\n",
       "\n",
       "    .dataframe thead th {\n",
       "        text-align: right;\n",
       "    }\n",
       "</style>\n",
       "<table border=\"1\" class=\"dataframe\">\n",
       "  <thead>\n",
       "    <tr style=\"text-align: right;\">\n",
       "      <th></th>\n",
       "      <th>age</th>\n",
       "      <th>sex</th>\n",
       "      <th>cp</th>\n",
       "      <th>trestbps</th>\n",
       "      <th>chol</th>\n",
       "      <th>fbs</th>\n",
       "      <th>restecg</th>\n",
       "      <th>thalach</th>\n",
       "      <th>exang</th>\n",
       "      <th>oldpeak</th>\n",
       "      <th>slope</th>\n",
       "      <th>ca</th>\n",
       "      <th>thal</th>\n",
       "      <th>target</th>\n",
       "    </tr>\n",
       "  </thead>\n",
       "  <tbody>\n",
       "    <tr>\n",
       "      <th>age</th>\n",
       "      <td>1.000000</td>\n",
       "      <td>-0.103240</td>\n",
       "      <td>-0.071966</td>\n",
       "      <td>0.271121</td>\n",
       "      <td>0.219823</td>\n",
       "      <td>0.121243</td>\n",
       "      <td>-0.132696</td>\n",
       "      <td>-0.390227</td>\n",
       "      <td>0.088163</td>\n",
       "      <td>0.208137</td>\n",
       "      <td>-0.169105</td>\n",
       "      <td>0.271551</td>\n",
       "      <td>0.072297</td>\n",
       "      <td>-0.229324</td>\n",
       "    </tr>\n",
       "    <tr>\n",
       "      <th>sex</th>\n",
       "      <td>-0.103240</td>\n",
       "      <td>1.000000</td>\n",
       "      <td>-0.041119</td>\n",
       "      <td>-0.078974</td>\n",
       "      <td>-0.198258</td>\n",
       "      <td>0.027200</td>\n",
       "      <td>-0.055117</td>\n",
       "      <td>-0.049365</td>\n",
       "      <td>0.139157</td>\n",
       "      <td>0.084687</td>\n",
       "      <td>-0.026666</td>\n",
       "      <td>0.111729</td>\n",
       "      <td>0.198424</td>\n",
       "      <td>-0.279501</td>\n",
       "    </tr>\n",
       "    <tr>\n",
       "      <th>cp</th>\n",
       "      <td>-0.071966</td>\n",
       "      <td>-0.041119</td>\n",
       "      <td>1.000000</td>\n",
       "      <td>0.038177</td>\n",
       "      <td>-0.081641</td>\n",
       "      <td>0.079294</td>\n",
       "      <td>0.043581</td>\n",
       "      <td>0.306839</td>\n",
       "      <td>-0.401513</td>\n",
       "      <td>-0.174733</td>\n",
       "      <td>0.131633</td>\n",
       "      <td>-0.176206</td>\n",
       "      <td>-0.163341</td>\n",
       "      <td>0.434854</td>\n",
       "    </tr>\n",
       "    <tr>\n",
       "      <th>trestbps</th>\n",
       "      <td>0.271121</td>\n",
       "      <td>-0.078974</td>\n",
       "      <td>0.038177</td>\n",
       "      <td>1.000000</td>\n",
       "      <td>0.127977</td>\n",
       "      <td>0.181767</td>\n",
       "      <td>-0.123794</td>\n",
       "      <td>-0.039264</td>\n",
       "      <td>0.061197</td>\n",
       "      <td>0.187434</td>\n",
       "      <td>-0.120445</td>\n",
       "      <td>0.104554</td>\n",
       "      <td>0.059276</td>\n",
       "      <td>-0.138772</td>\n",
       "    </tr>\n",
       "    <tr>\n",
       "      <th>chol</th>\n",
       "      <td>0.219823</td>\n",
       "      <td>-0.198258</td>\n",
       "      <td>-0.081641</td>\n",
       "      <td>0.127977</td>\n",
       "      <td>1.000000</td>\n",
       "      <td>0.026917</td>\n",
       "      <td>-0.147410</td>\n",
       "      <td>-0.021772</td>\n",
       "      <td>0.067382</td>\n",
       "      <td>0.064880</td>\n",
       "      <td>-0.014248</td>\n",
       "      <td>0.074259</td>\n",
       "      <td>0.100244</td>\n",
       "      <td>-0.099966</td>\n",
       "    </tr>\n",
       "    <tr>\n",
       "      <th>fbs</th>\n",
       "      <td>0.121243</td>\n",
       "      <td>0.027200</td>\n",
       "      <td>0.079294</td>\n",
       "      <td>0.181767</td>\n",
       "      <td>0.026917</td>\n",
       "      <td>1.000000</td>\n",
       "      <td>-0.104051</td>\n",
       "      <td>-0.008866</td>\n",
       "      <td>0.049261</td>\n",
       "      <td>0.010859</td>\n",
       "      <td>-0.061902</td>\n",
       "      <td>0.137156</td>\n",
       "      <td>-0.042177</td>\n",
       "      <td>-0.041164</td>\n",
       "    </tr>\n",
       "    <tr>\n",
       "      <th>restecg</th>\n",
       "      <td>-0.132696</td>\n",
       "      <td>-0.055117</td>\n",
       "      <td>0.043581</td>\n",
       "      <td>-0.123794</td>\n",
       "      <td>-0.147410</td>\n",
       "      <td>-0.104051</td>\n",
       "      <td>1.000000</td>\n",
       "      <td>0.048411</td>\n",
       "      <td>-0.065606</td>\n",
       "      <td>-0.050114</td>\n",
       "      <td>0.086086</td>\n",
       "      <td>-0.078072</td>\n",
       "      <td>-0.020504</td>\n",
       "      <td>0.134468</td>\n",
       "    </tr>\n",
       "    <tr>\n",
       "      <th>thalach</th>\n",
       "      <td>-0.390227</td>\n",
       "      <td>-0.049365</td>\n",
       "      <td>0.306839</td>\n",
       "      <td>-0.039264</td>\n",
       "      <td>-0.021772</td>\n",
       "      <td>-0.008866</td>\n",
       "      <td>0.048411</td>\n",
       "      <td>1.000000</td>\n",
       "      <td>-0.380281</td>\n",
       "      <td>-0.349796</td>\n",
       "      <td>0.395308</td>\n",
       "      <td>-0.207888</td>\n",
       "      <td>-0.098068</td>\n",
       "      <td>0.422895</td>\n",
       "    </tr>\n",
       "    <tr>\n",
       "      <th>exang</th>\n",
       "      <td>0.088163</td>\n",
       "      <td>0.139157</td>\n",
       "      <td>-0.401513</td>\n",
       "      <td>0.061197</td>\n",
       "      <td>0.067382</td>\n",
       "      <td>0.049261</td>\n",
       "      <td>-0.065606</td>\n",
       "      <td>-0.380281</td>\n",
       "      <td>1.000000</td>\n",
       "      <td>0.310844</td>\n",
       "      <td>-0.267335</td>\n",
       "      <td>0.107849</td>\n",
       "      <td>0.197201</td>\n",
       "      <td>-0.438029</td>\n",
       "    </tr>\n",
       "    <tr>\n",
       "      <th>oldpeak</th>\n",
       "      <td>0.208137</td>\n",
       "      <td>0.084687</td>\n",
       "      <td>-0.174733</td>\n",
       "      <td>0.187434</td>\n",
       "      <td>0.064880</td>\n",
       "      <td>0.010859</td>\n",
       "      <td>-0.050114</td>\n",
       "      <td>-0.349796</td>\n",
       "      <td>0.310844</td>\n",
       "      <td>1.000000</td>\n",
       "      <td>-0.575189</td>\n",
       "      <td>0.221816</td>\n",
       "      <td>0.202672</td>\n",
       "      <td>-0.438441</td>\n",
       "    </tr>\n",
       "    <tr>\n",
       "      <th>slope</th>\n",
       "      <td>-0.169105</td>\n",
       "      <td>-0.026666</td>\n",
       "      <td>0.131633</td>\n",
       "      <td>-0.120445</td>\n",
       "      <td>-0.014248</td>\n",
       "      <td>-0.061902</td>\n",
       "      <td>0.086086</td>\n",
       "      <td>0.395308</td>\n",
       "      <td>-0.267335</td>\n",
       "      <td>-0.575189</td>\n",
       "      <td>1.000000</td>\n",
       "      <td>-0.073440</td>\n",
       "      <td>-0.094090</td>\n",
       "      <td>0.345512</td>\n",
       "    </tr>\n",
       "    <tr>\n",
       "      <th>ca</th>\n",
       "      <td>0.271551</td>\n",
       "      <td>0.111729</td>\n",
       "      <td>-0.176206</td>\n",
       "      <td>0.104554</td>\n",
       "      <td>0.074259</td>\n",
       "      <td>0.137156</td>\n",
       "      <td>-0.078072</td>\n",
       "      <td>-0.207888</td>\n",
       "      <td>0.107849</td>\n",
       "      <td>0.221816</td>\n",
       "      <td>-0.073440</td>\n",
       "      <td>1.000000</td>\n",
       "      <td>0.149014</td>\n",
       "      <td>-0.382085</td>\n",
       "    </tr>\n",
       "    <tr>\n",
       "      <th>thal</th>\n",
       "      <td>0.072297</td>\n",
       "      <td>0.198424</td>\n",
       "      <td>-0.163341</td>\n",
       "      <td>0.059276</td>\n",
       "      <td>0.100244</td>\n",
       "      <td>-0.042177</td>\n",
       "      <td>-0.020504</td>\n",
       "      <td>-0.098068</td>\n",
       "      <td>0.197201</td>\n",
       "      <td>0.202672</td>\n",
       "      <td>-0.094090</td>\n",
       "      <td>0.149014</td>\n",
       "      <td>1.000000</td>\n",
       "      <td>-0.337838</td>\n",
       "    </tr>\n",
       "    <tr>\n",
       "      <th>target</th>\n",
       "      <td>-0.229324</td>\n",
       "      <td>-0.279501</td>\n",
       "      <td>0.434854</td>\n",
       "      <td>-0.138772</td>\n",
       "      <td>-0.099966</td>\n",
       "      <td>-0.041164</td>\n",
       "      <td>0.134468</td>\n",
       "      <td>0.422895</td>\n",
       "      <td>-0.438029</td>\n",
       "      <td>-0.438441</td>\n",
       "      <td>0.345512</td>\n",
       "      <td>-0.382085</td>\n",
       "      <td>-0.337838</td>\n",
       "      <td>1.000000</td>\n",
       "    </tr>\n",
       "  </tbody>\n",
       "</table>\n",
       "</div>"
      ],
      "text/plain": [
       "               age       sex        cp  trestbps      chol       fbs  \\\n",
       "age       1.000000 -0.103240 -0.071966  0.271121  0.219823  0.121243   \n",
       "sex      -0.103240  1.000000 -0.041119 -0.078974 -0.198258  0.027200   \n",
       "cp       -0.071966 -0.041119  1.000000  0.038177 -0.081641  0.079294   \n",
       "trestbps  0.271121 -0.078974  0.038177  1.000000  0.127977  0.181767   \n",
       "chol      0.219823 -0.198258 -0.081641  0.127977  1.000000  0.026917   \n",
       "fbs       0.121243  0.027200  0.079294  0.181767  0.026917  1.000000   \n",
       "restecg  -0.132696 -0.055117  0.043581 -0.123794 -0.147410 -0.104051   \n",
       "thalach  -0.390227 -0.049365  0.306839 -0.039264 -0.021772 -0.008866   \n",
       "exang     0.088163  0.139157 -0.401513  0.061197  0.067382  0.049261   \n",
       "oldpeak   0.208137  0.084687 -0.174733  0.187434  0.064880  0.010859   \n",
       "slope    -0.169105 -0.026666  0.131633 -0.120445 -0.014248 -0.061902   \n",
       "ca        0.271551  0.111729 -0.176206  0.104554  0.074259  0.137156   \n",
       "thal      0.072297  0.198424 -0.163341  0.059276  0.100244 -0.042177   \n",
       "target   -0.229324 -0.279501  0.434854 -0.138772 -0.099966 -0.041164   \n",
       "\n",
       "           restecg   thalach     exang   oldpeak     slope        ca  \\\n",
       "age      -0.132696 -0.390227  0.088163  0.208137 -0.169105  0.271551   \n",
       "sex      -0.055117 -0.049365  0.139157  0.084687 -0.026666  0.111729   \n",
       "cp        0.043581  0.306839 -0.401513 -0.174733  0.131633 -0.176206   \n",
       "trestbps -0.123794 -0.039264  0.061197  0.187434 -0.120445  0.104554   \n",
       "chol     -0.147410 -0.021772  0.067382  0.064880 -0.014248  0.074259   \n",
       "fbs      -0.104051 -0.008866  0.049261  0.010859 -0.061902  0.137156   \n",
       "restecg   1.000000  0.048411 -0.065606 -0.050114  0.086086 -0.078072   \n",
       "thalach   0.048411  1.000000 -0.380281 -0.349796  0.395308 -0.207888   \n",
       "exang    -0.065606 -0.380281  1.000000  0.310844 -0.267335  0.107849   \n",
       "oldpeak  -0.050114 -0.349796  0.310844  1.000000 -0.575189  0.221816   \n",
       "slope     0.086086  0.395308 -0.267335 -0.575189  1.000000 -0.073440   \n",
       "ca       -0.078072 -0.207888  0.107849  0.221816 -0.073440  1.000000   \n",
       "thal     -0.020504 -0.098068  0.197201  0.202672 -0.094090  0.149014   \n",
       "target    0.134468  0.422895 -0.438029 -0.438441  0.345512 -0.382085   \n",
       "\n",
       "              thal    target  \n",
       "age       0.072297 -0.229324  \n",
       "sex       0.198424 -0.279501  \n",
       "cp       -0.163341  0.434854  \n",
       "trestbps  0.059276 -0.138772  \n",
       "chol      0.100244 -0.099966  \n",
       "fbs      -0.042177 -0.041164  \n",
       "restecg  -0.020504  0.134468  \n",
       "thalach  -0.098068  0.422895  \n",
       "exang     0.197201 -0.438029  \n",
       "oldpeak   0.202672 -0.438441  \n",
       "slope    -0.094090  0.345512  \n",
       "ca        0.149014 -0.382085  \n",
       "thal      1.000000 -0.337838  \n",
       "target   -0.337838  1.000000  "
      ]
     },
     "execution_count": 5,
     "metadata": {},
     "output_type": "execute_result"
    }
   ],
   "source": [
    "df.corr()"
   ]
  },
  {
   "cell_type": "code",
   "execution_count": 5,
   "metadata": {},
   "outputs": [
    {
     "data": {
      "text/plain": [
       "age        -0.229324\n",
       "sex        -0.279501\n",
       "cp          0.434854\n",
       "trestbps   -0.138772\n",
       "chol       -0.099966\n",
       "fbs        -0.041164\n",
       "restecg     0.134468\n",
       "thalach     0.422895\n",
       "exang      -0.438029\n",
       "oldpeak    -0.438441\n",
       "slope       0.345512\n",
       "ca         -0.382085\n",
       "thal       -0.337838\n",
       "target      1.000000\n",
       "dtype: float64"
      ]
     },
     "execution_count": 5,
     "metadata": {},
     "output_type": "execute_result"
    }
   ],
   "source": [
    "df.corrwith(df['target'])"
   ]
  },
  {
   "cell_type": "markdown",
   "metadata": {},
   "source": [
    "Thus, we expect that the most significant factors in our model will be:\n",
    "* Chest Pain type\n",
    "* maximum heart rate achieved (thalach)\n",
    "* Exercise induced angina (exang)\n",
    "* ST depression induced by exercise relative to rest (oldpeak)\n",
    "* Number of major vessels colored by flourosopy\n",
    "\n",
    "The factors that will have some effect:\n",
    "* Slope of the peak exercise ST segment\n",
    "* thal\n",
    "* Age\n",
    "* Sex\n",
    "\n",
    "The factors unlikely to be significant:\n",
    "* Resting Blood Pressure\n",
    "* Serum cholesterol\n",
    "* Resting electrocardiographic results"
   ]
  },
  {
   "cell_type": "markdown",
   "metadata": {},
   "source": [
    "# Todo: Examine collinearity"
   ]
  },
  {
   "cell_type": "markdown",
   "metadata": {},
   "source": []
  },
  {
   "cell_type": "code",
   "execution_count": 6,
   "metadata": {},
   "outputs": [],
   "source": [
    "#Loading the dataset\n",
    "#data = load_breast_cancer(as_frame = True)\n",
    "#df = data.frame\n",
    "X = df.iloc[:,:-1]\n",
    "y = df.iloc[:,-1]"
   ]
  },
  {
   "cell_type": "code",
   "execution_count": 17,
   "metadata": {},
   "outputs": [],
   "source": [
    "#Implementing cross validation\n",
    "def perform_cross_validation(num_folds, df):\n",
    "    kf = KFold(n_splits=num_folds, random_state=None)\n",
    "    model = LogisticRegression(solver= 'liblinear')\n",
    "\n",
    "    acc_score = []\n",
    "    jacc_score = []\n",
    "\n",
    "    for train_index , test_index in kf.split(X):\n",
    "        X_train, X_test = X.iloc[train_index,:],X.iloc[test_index,:]\n",
    "        y_train, y_test = y[train_index] , y[test_index]\n",
    "\n",
    "        model.fit(X_train,y_train)\n",
    "        pred_values = model.predict(X_test)\n",
    "        acc = accuracy_score(y_test, pred_values)\n",
    "        jacc = jaccard_score(y_test, pred_values)\n",
    "        acc_score.append(acc)\n",
    "        jacc_score.append(jacc)\n",
    "\n",
    "    avg_acc_score = sum(acc_score)/num_folds\n",
    "    avg_jacc_score = sum(jacc_score)/num_folds\n",
    "\n",
    "    print('accuracy of each fold - {}'.format(acc_score))\n",
    "    print('Avg accuracy : {}'.format(avg_acc_score))\n",
    "    print()\n",
    "    print('Jaccard Score of each fold - {}'.format(jacc_score))\n",
    "    print('Avg Jaccard : {}'.format(avg_jacc_score))\n"
   ]
  },
  {
   "cell_type": "code",
   "execution_count": 19,
   "metadata": {},
   "outputs": [
    {
     "name": "stdout",
     "output_type": "stream",
     "text": [
      "\n",
      "\n",
      "\n",
      "922\n",
      "103\n",
      "\n",
      "\n",
      "\n",
      "922\n",
      "103\n",
      "\n",
      "\n",
      "\n",
      "922\n",
      "103\n",
      "\n",
      "\n",
      "\n",
      "922\n",
      "103\n",
      "\n",
      "\n",
      "\n",
      "922\n",
      "103\n",
      "\n",
      "\n",
      "\n",
      "923\n",
      "102\n",
      "\n",
      "\n",
      "\n",
      "923\n",
      "102\n",
      "\n",
      "\n",
      "\n",
      "923\n",
      "102\n",
      "\n",
      "\n",
      "\n",
      "923\n",
      "102\n",
      "\n",
      "\n",
      "\n",
      "923\n",
      "102\n",
      "accuracy of each fold - [0.8640776699029126, 0.9029126213592233, 0.8640776699029126, 0.8640776699029126, 0.8349514563106796, 0.9313725490196079, 0.7941176470588235, 0.8137254901960784, 0.7843137254901961, 0.803921568627451]\n",
      "Avg accuracy : 0.8457548067770798\n",
      "\n",
      "Jaccard Score of each fold - [0.7704918032786885, 0.8360655737704918, 0.7971014492753623, 0.7666666666666667, 0.7571428571428571, 0.8703703703703703, 0.676923076923077, 0.7076923076923077, 0.6333333333333333, 0.696969696969697]\n",
      "Avg Jaccard : 0.7512757135422852\n"
     ]
    }
   ],
   "source": [
    "perform_cross_validation(10, df)"
   ]
  },
  {
   "cell_type": "code",
   "execution_count": 20,
   "metadata": {},
   "outputs": [
    {
     "name": "stdout",
     "output_type": "stream",
     "text": [
      "Avg accuracy: 0.846829268292683\n"
     ]
    }
   ],
   "source": [
    "from sklearn.model_selection import cross_val_score\n",
    "\n",
    "kf = KFold(n_splits=5, random_state=None)\n",
    "model = LogisticRegression(solver= 'liblinear')\n",
    "result = cross_val_score(model , X, y, cv = kf)\n",
    "\n",
    "print(\"Avg accuracy: {}\".format(result.mean()))"
   ]
  },
  {
   "cell_type": "code",
   "execution_count": 45,
   "metadata": {},
   "outputs": [
    {
     "name": "stdout",
     "output_type": "stream",
     "text": [
      "0.0\n",
      "0\n"
     ]
    }
   ],
   "source": [
    "y_true = np.array([[0, 1, 1],\n",
    "                    [1, 1, 0]])\n",
    "y_pred = np.array([[1, 1, 1],\n",
    "                   [1, 0, 0]])\n",
    "print(accuracy_score(y_true, y_pred))\n",
    "print(accuracy_score(y_true, y_pred, normalize=False))"
   ]
  },
  {
   "cell_type": "code",
   "execution_count": 46,
   "metadata": {},
   "outputs": [
    {
     "data": {
      "text/plain": [
       "0.6666666666666666"
      ]
     },
     "execution_count": 46,
     "metadata": {},
     "output_type": "execute_result"
    }
   ],
   "source": [
    "jaccard_score(y_true[0], y_pred[0])"
   ]
  },
  {
   "cell_type": "code",
   "execution_count": 47,
   "metadata": {},
   "outputs": [
    {
     "data": {
      "text/plain": [
       "array([0.5, 0.5, 1. ])"
      ]
     },
     "execution_count": 47,
     "metadata": {},
     "output_type": "execute_result"
    }
   ],
   "source": [
    "jaccard_score(y_true, y_pred, average=None)"
   ]
  },
  {
   "cell_type": "code",
   "execution_count": 48,
   "metadata": {},
   "outputs": [
    {
     "name": "stdout",
     "output_type": "stream",
     "text": [
      "0.6666666666666666\n"
     ]
    }
   ],
   "source": [
    "print(accuracy_score(y_true[0], y_pred[0]))"
   ]
  },
  {
   "cell_type": "code",
   "execution_count": null,
   "metadata": {},
   "outputs": [],
   "source": [
    "#Implementing cross validation\n",
    "def perform_MPCV(num_folds, df):\n",
    "    kf = KFold(n_splits=num_folds, random_state=None)\n",
    "    model = LogisticRegression(solver= 'liblinear')\n",
    "\n",
    "    acc_score = []\n",
    "    jacc_score = []\n",
    "\n",
    "    for test_index, train_index in kf.split(X):\n",
    "        X_train, X_test = X.iloc[train_index,:],X.iloc[test_index,:]\n",
    "        y_train, y_test = y[train_index] , y[test_index]\n",
    "\n",
    "        model.fit(X_train,y_train)\n",
    "        pred_values = model.predict(X_test)\n",
    "        acc = accuracy_score(y_test, pred_values)\n",
    "        jacc = jaccard_score(y_test, pred_values)\n",
    "        acc_score.append(acc)\n",
    "        jacc_score.append(jacc)\n",
    "\n",
    "    avg_acc_score = sum(acc_score)/num_folds\n",
    "    avg_jacc_score = sum(jacc_score)/num_folds\n",
    "\n",
    "    print('accuracy of each fold - {}'.format(acc_score))\n",
    "    print('Avg accuracy : {}'.format(avg_acc_score))\n",
    "    print()\n",
    "    print('Jaccard Score of each fold - {}'.format(jacc_score))\n",
    "    print('Avg Jaccard : {}'.format(avg_jacc_score))\n"
   ]
  },
  {
   "cell_type": "code",
   "execution_count": null,
   "metadata": {},
   "outputs": [],
   "source": []
  }
 ],
 "metadata": {
  "kernelspec": {
   "display_name": "Python 3.8.8 ('base')",
   "language": "python",
   "name": "python3"
  },
  "language_info": {
   "codemirror_mode": {
    "name": "ipython",
    "version": 3
   },
   "file_extension": ".py",
   "mimetype": "text/x-python",
   "name": "python",
   "nbconvert_exporter": "python",
   "pygments_lexer": "ipython3",
   "version": "3.8.8"
  },
  "orig_nbformat": 4,
  "vscode": {
   "interpreter": {
    "hash": "8091c30dc66f1abbf3d4a0694e37ea77787435135c503161a61e32329c432797"
   }
  }
 },
 "nbformat": 4,
 "nbformat_minor": 2
}
